SimId,Day,PortfolioValue
0,0,5000000.0
0,1,4966954.06
0,2,5051127.51
0,3,5255028.08
0,4,5340105.3
0,5,5313544.33
0,6,5202777.1
0,7,5104252.26
0,8,5084006.44
0,9,5157361.62
0,10,5146942.95
0,11,5154219.24
0,12,5264570.65
0,13,5470332.55
0,14,5579716.96
0,15,5683538.83
0,16,5761205.26
0,17,5831703.39
0,18,5658490.04
0,19,5700152.82
0,20,5692029.68
0,21,5682616.04
1,0,5000000.0
1,1,5002869.81
1,2,4795201.57
1,3,4949877.18
1,4,5104191.11
1,5,5092246.03
1,6,5129548.51
1,7,5210111.65
1,8,5330368.91
1,9,5546974.61
1,10,5716491.13
1,11,5763939.18
1,12,5743551.25
1,13,5868839.86
1,14,5907098.44
1,15,5901440.21
1,16,5663120.66
1,17,5557672.37
1,18,5742145.58
1,19,5785405.53
1,20,5774951.6
1,21,5709019.35
2,0,5000000.0
2,1,4984245.38
2,2,4972503.33
2,3,5033781.97
2,4,5121980.88
2,5,5134412.62
2,6,5137015.57
2,7,5092671.16
2,8,5134395.74
2,9,5274327.37
2,10,5330368.69
2,11,5222929.13
2,12,5228428.3
2,13,5169275.69
2,14,5067853.85
2,15,5045579.85
2,16,5087373.43
2,17,5154072.98
2,18,5204966.21
2,19,5141745.32
2,20,5058644.76
2,21,4942444.01
3,0,5000000.0
3,1,5102508.19
3,2,5151089.06
3,3,5328139.74
3,4,5355778.28
3,5,5388338.77
3,6,5295870.82
3,7,5424758.91
3,8,5533909.73
3,9,5647828.43
3,10,5687829.13
3,11,5638832.4
3,12,5648294.93
3,13,5682337.69
3,14,5672780.42
3,15,5646873.82
3,16,5740254.52
3,17,5867978.43
3,18,5774618.57
3,19,5804992.89
3,20,5996833.47
3,21,5925792.46
4,0,5000000.0
4,1,5098410.7
4,2,4924452.44
4,3,5084462.46
4,4,5096443.4
4,5,5081518.62
4,6,5101808.29
4,7,5256141.93
4,8,5084717.42
4,9,5244970.21
4,10,5210389.29
4,11,5225525.46
4,12,5066720.91
4,13,5036002.79
4,14,5073235.47
4,15,4890626.9
4,16,4863983.39
4,17,4983751.37
4,18,4991749.93
4,19,5032585.45
4,20,5055399.47
4,21,4995330.06
5,0,5000000.0
5,1,5001372.31
5,2,4941771.45
5,3,5035854.18
5,4,5070885.57
5,5,5040515.57
5,6,5164493.83
5,7,5189084.25
5,8,5266117.89
5,9,5217717.65
5,10,5371292.66
5,11,5164844.42
5,12,5206419.13
5,13,5315640.95
5,14,5320360.85
5,15,5306150.42
5,16,5498371.84
5,17,5610433.41
5,18,5595027.81
5,19,5510329.78
5,20,5450854.22
5,21,5297975.11
6,0,5000000.0
6,1,5142042.74
6,2,5069212.63
6,3,5065139.15
6,4,5040178.84
6,5,4880600.44
6,6,4844498.98
6,7,4908159.83
6,8,4876906.09
6,9,4870517.35
6,10,4835208.52
6,11,4795456.64
6,12,4935365.46
6,13,4959768.33
6,14,5097877.39
6,15,5110498.03
6,16,5094520.05
6,17,5094028.61
6,18,5011917.56
6,19,5027363.54
6,20,5132982.42
6,21,5178873.55
7,0,5000000.0
7,1,4879866.48
7,2,4922621.97
7,3,4742494.68
7,4,4643617.05
7,5,4630558.08
7,6,4468901.4
7,7,4457568.83
7,8,4392356.82
7,9,4469207.99
7,10,4363516.5
7,11,4408381.85
7,12,4464507.19
7,13,4522158.31
7,14,4552161.14
7,15,4635945.2
7,16,4644136.74
7,17,4571316.59
7,18,4721625.36
7,19,4783797.07
7,20,4804295.86
7,21,4828578.48
8,0,5000000.0
8,1,4989106.41
8,2,4854411.6
8,3,4888627.32
8,4,4769391.4
8,5,4922410.56
8,6,4995178.17
8,7,5133018.09
8,8,5227393.61
8,9,5298296.59
8,10,5205938.1
8,11,5166312.12
8,12,5099517.47
8,13,5065133.51
8,14,5071256.37
8,15,5007607.94
8,16,4901582.55
8,17,4746660.47
8,18,4656972.06
8,19,4705784.58
8,20,4715222.67
8,21,4769776.19
9,0,5000000.0
9,1,4915667.69
9,2,4854758.62
9,3,4885854.52
9,4,5022350.6
9,5,5058764.4
9,6,4981917.27
9,7,4857265.44
9,8,4820946.81
9,9,4807500.97
9,10,4739202.46
9,11,4722257.03
9,12,4697773.32
9,13,4823168.15
9,14,4682166.14
9,15,4688262.41
9,16,4672343.45
9,17,4709985.1
9,18,4750467.89
9,19,4868910.67
9,20,4864713.39
9,21,4826957.62
10,0,5000000.0
10,1,5034977.29
10,2,5062098.96
10,3,5101505.15
10,4,5189554.13
10,5,5331864.4
10,6,5205852.89
10,7,5111503.21
10,8,5036659.92
10,9,5023915.25
10,10,5103199.35
10,11,5031388.6
10,12,5061429.73
10,13,5119977.25
10,14,5050481.86
10,15,5056434.85
10,16,5111133.43
10,17,5051742.21
10,18,5245283.41
10,19,5260635.81
10,20,5285192.01
10,21,5306229.55
11,0,5000000.0
11,1,4952015.37
11,2,4982586.64
11,3,4898162.82
11,4,5021129.67
11,5,4924223.1
11,6,4992717.81
11,7,5102983.19
11,8,5060182.09
11,9,4996328.35
11,10,4984251.58
11,11,4905650.27
11,12,4923637.54
11,13,4843775.47
11,14,4771646.96
11,15,4824139.96
11,16,4883639.79
11,17,4860600.94
11,18,4717166.08
11,19,4824865.83
11,20,4788256.33
11,21,4979663.42
12,0,5000000.0
12,1,4973430.88
12,2,4901492.29
12,3,4805771.06
12,4,4838173.33
12,5,4878264.12
12,6,4934666.73
12,7,5140385.6
12,8,5207532.03
12,9,5278658.35
12,10,5409007.63
12,11,5250622.88
12,12,5242394.41
12,13,5021164.56
12,14,4969475.08
12,15,4978016.57
12,16,4946255.83
12,17,4898118.98
12,18,4661932.89
12,19,4762831.85
12,20,4896733.4
12,21,4868731.19
13,0,5000000.0
13,1,5041279.63
13,2,4875394.78
13,3,4838108.08
13,4,4906939.23
13,5,5052716.56
13,6,5090608.43
13,7,5107996.69
13,8,5112332.64
13,9,5181634.69
13,10,5184446.22
13,11,5364741.73
13,12,5399519.74
13,13,5354123.2
13,14,5221331.65
13,15,5275353.22
13,16,5194496.19
13,17,5086612.99
13,18,5135784.33
13,19,5168129.19
13,20,4882340.88
13,21,4780662.5
14,0,5000000.0
14,1,4856390.51
14,2,4847673.13
14,3,4832870.88
14,4,4803500.45
14,5,4887828.77
14,6,4854019.86
14,7,4745048.72
14,8,4704779.07
14,9,4757597.75
14,10,4917324.47
14,11,4858712.71
14,12,4966494.88
14,13,4930923.57
14,14,5005165.75
14,15,5095148.69
14,16,5192808.68
14,17,5209535.02
14,18,5113502.74
14,19,5102162.61
14,20,5042286.09
14,21,5059935.19
15,0,5000000.0
15,1,5017195.08
15,2,4977438.23
15,3,5075984.14
15,4,4947642.97
15,5,4932971.74
15,6,4940567.0
15,7,4933717.8
15,8,4998765.47
15,9,4928955.7
15,10,4874942.72
15,11,4885125.1
15,12,4723990.82
15,13,4818038.56
15,14,4884614.53
15,15,4807872.29
15,16,4700057.16
15,17,4604687.66
15,18,4792940.57
15,19,4728115.63
15,20,4679876.84
15,21,4738274.41
16,0,5000000.0
16,1,4831225.25
16,2,4843768.38
16,3,4936172.09
16,4,4881068.74
16,5,4798791.12
16,6,4661161.29
16,7,4616007.34
16,8,4594277.56
16,9,4566284.27
16,10,4485130.49
16,11,4416907.55
16,12,4339136.3
16,13,4414386.94
16,14,4430195.27
16,15,4498139.41
16,16,4524327.17
16,17,4431435.18
16,18,4394324.47
16,19,4302112.67
16,20,4230089.67
16,21,4256572.49
17,0,5000000.0
17,1,4973066.26
17,2,5013216.12
17,3,4873136.68
17,4,4851988.84
17,5,4886236.11
17,6,4998062.45
17,7,4813812.27
17,8,4812627.92
17,9,4769275.67
17,10,4755285.28
17,11,4626505.65
17,12,4576060.41
17,13,4756426.39
17,14,4866224.04
17,15,5009618.07
17,16,5058694.61
17,17,5025268.53
17,18,4904810.6
17,19,4908612.0
17,20,4980229.72
17,21,5293806.15
18,0,5000000.0
18,1,4929352.16
18,2,4978027.77
18,3,4922277.22
18,4,4991328.1
18,5,4949967.16
18,6,4937529.98
18,7,4940172.44
18,8,4884056.15
18,9,4897054.99
18,10,4763547.33
18,11,4808094.45
18,12,4825451.96
18,13,4873624.61
18,14,4984427.43
18,15,5172599.48
18,16,5148334.47
18,17,5080183.71
18,18,5043989.73
18,19,5189932.7
18,20,5099054.42
18,21,5351969.32
19,0,5000000.0
19,1,5150166.65
19,2,5048210.46
19,3,4902676.45
19,4,4873837.43
19,5,4824811.03
19,6,4769093.35
19,7,4889438.29
19,8,4913838.38
19,9,4998379.06
19,10,5220892.2
19,11,5148247.9
19,12,5174557.74
19,13,5045932.72
19,14,5196840.62
19,15,5180945.13
19,16,4895367.74
19,17,4778932.74
19,18,4917286.71
19,19,4756370.47
19,20,4751157.85
19,21,4798835.59
20,0,5000000.0
20,1,4991966.27
20,2,5057987.3
20,3,5030287.49
20,4,5047402.6
20,5,4998495.29
20,6,5217272.89
20,7,5338418.06
20,8,5521447.77
20,9,5444919.83
20,10,5266674.58
20,11,5241883.48
20,12,5497781.6
20,13,5468953.01
20,14,5581411.97
20,15,5479847.88
20,16,5399812.88
20,17,5395797.73
20,18,5616450.16
20,19,5737121.89
20,20,5525753.7
20,21,5599038.08
21,0,5000000.0
21,1,5002218.44
21,2,4925554.07
21,3,4879110.24
21,4,4883762.3
21,5,4924777.71
21,6,4856884.61
21,7,4823054.5
21,8,4859572.95
21,9,4852890.49
21,10,4843555.26
21,11,4910015.44
21,12,4832855.53
21,13,4912454.24
21,14,5130625.99
21,15,5162031.64
21,16,5123461.98
21,17,4991229.29
21,18,4949297.6
21,19,4986929.39
21,20,4980053.42
21,21,4978952.81
22,0,5000000.0
22,1,4901771.03
22,2,4683961.44
22,3,4629675.45
22,4,4626758.75
22,5,4704164.58
22,6,4647698.41
22,7,4730863.25
22,8,4781700.76
22,9,4690114.72
22,10,4669600.25
22,11,4682893.47
22,12,4650774.73
22,13,4623407.31
22,14,4477327.1
22,15,4557655.95
22,16,4710413.64
22,17,4757083.91
22,18,4799967.74
22,19,4836884.48
22,20,4802822.7
22,21,4835616.5
23,0,5000000.0
23,1,5204202.51
23,2,5236490.24
23,3,5111502.36
23,4,5026849.27
23,5,5056772.79
23,6,5121174.65
23,7,4969808.46
23,8,4874748.44
23,9,4849509.61
23,10,4935358.18
23,11,5097279.15
23,12,5089720.38
23,13,5087038.62
23,14,5041877.66
23,15,5022031.61
23,16,5148517.14
23,17,5080733.87
23,18,4876874.5
23,19,4891331.6
23,20,4915334.86
23,21,4771716.38
24,0,5000000.0
24,1,5066231.69
24,2,4985663.01
24,3,4945677.97
24,4,4930276.04
24,5,4827349.17
24,6,4938188.24
24,7,5105903.18
24,8,5090404.22
24,9,5066884.44
24,10,5102499.68
24,11,5069504.4
24,12,5107701.33
24,13,5117041.62
24,14,5108079.81
24,15,5028527.68
24,16,5161992.55
24,17,5276789.37
24,18,5260005.67
24,19,5135599.18
24,20,5198426.1
24,21,5181897.85
25,0,5000000.0
25,1,5015504.97
25,2,5120968.47
25,3,5159396.06
25,4,5240838.33
25,5,5166247.72
25,6,5020631.81
25,7,5127174.36
25,8,5160202.54
25,9,5148417.35
25,10,5148749.45
25,11,5051625.74
25,12,5085168.98
25,13,5115968.94
25,14,5145146.3
25,15,5105876.59
25,16,5148939.98
25,17,5183165.75
25,18,5214828.0
25,19,5214016.9
25,20,5209839.05
25,21,5186916.07
26,0,5000000.0
26,1,4974021.68
26,2,4849378.53
26,3,4671051.51
26,4,4602837.01
26,5,4474262.65
26,6,4343206.52
26,7,4228844.17
26,8,4123371.28
26,9,4198599.17
26,10,4042848.59
26,11,4082732.2
26,12,4060770.84
26,13,3825301.05
26,14,3813547.52
26,15,3839975.69
26,16,3807092.82
26,17,3878218.28
26,18,3880808.58
26,19,3938636.25
26,20,4034297.27
26,21,3984328.51
27,0,5000000.0
27,1,5006420.91
27,2,5054812.63
27,3,5191118.79
27,4,5300934.2
27,5,5238274.32
27,6,5279014.83
27,7,5049029.36
27,8,4905998.52
27,9,4874868.51
27,10,4848499.0
27,11,4679799.01
27,12,4835078.59
27,13,4928829.27
27,14,4971584.75
27,15,5082989.39
27,16,5155559.9
27,17,5091210.17
27,18,5040178.13
27,19,5154470.33
27,20,5329471.17
27,21,5615880.22
28,0,5000000.0
28,1,4821671.62
28,2,4850335.1
28,3,4804883.78
28,4,4712101.68
28,5,4689520.66
28,6,4624958.76
28,7,4569680.93
28,8,4704758.88
28,9,4719186.61
28,10,4699389.72
28,11,4845082.34
28,12,4822048.96
28,13,4716216.73
28,14,4604430.01
28,15,4600988.81
28,16,4465562.41
28,17,4372253.12
28,18,4344513.49
28,19,4440481.37
28,20,4552118.23
28,21,4611880.78
29,0,5000000.0
29,1,5010691.66
29,2,4977996.64
29,3,4916179.87
29,4,4906181.96
29,5,4833412.27
29,6,4759535.3
29,7,4787749.69
29,8,4946363.13
29,9,4947945.75
29,10,5111155.19
29,11,5080625.02
29,12,4939525.86
29,13,4911733.29
29,14,4971108.9
29,15,5110095.01
29,16,4961109.12
29,17,4830445.87
29,18,4855232.05
29,19,5066947.09
29,20,5156208.64
29,21,5192751.09
30,0,5000000.0
30,1,5167053.11
30,2,5131017.74
30,3,5228922.95
30,4,5397825.33
30,5,5424416.6
30,6,5467441.72
30,7,5360061.6
30,8,5229220.14
30,9,5083566.77
30,10,5107708.52
30,11,5033494.94
30,12,4983404.22
30,13,5010772.42
30,14,5054274.42
30,15,5010839.9
30,16,5053204.99
30,17,4956397.41
30,18,4833307.09
30,19,4814763.94
30,20,4967522.6
30,21,4889130.19
31,0,5000000.0
31,1,4918918.57
31,2,4873830.68
31,3,4847429.46
31,4,4836915.07
31,5,4840666.39
31,6,4789004.09
31,7,4575404.28
31,8,4507744.86
31,9,4572242.45
31,10,4614065.26
31,11,4658919.84
31,12,4630955.84
31,13,4666131.19
31,14,4618851.82
31,15,4580333.68
31,16,4523907.31
31,17,4598909.44
31,18,4375977.86
31,19,4378874.59
31,20,4381727.47
31,21,4391295.17
32,0,5000000.0
32,1,4907442.11
32,2,4965436.36
32,3,4872916.14
32,4,4943786.51
32,5,4888103.4
32,6,4834958.48
32,7,4911591.56
32,8,4864953.83
32,9,4956391.8
32,10,5029170.71
32,11,5022482.48
32,12,4983899.66
32,13,5107713.78
32,14,5191231.36
32,15,5356652.25
32,16,5189248.36
32,17,5165193.48
32,18,5125336.44
32,19,5178366.97
32,20,5091323.57
32,21,5018915.21
33,0,5000000.0
33,1,5084430.85
33,2,5059967.04
33,3,5187518.83
33,4,5198465.69
33,5,5273223.76
33,6,5381127.16
33,7,5417192.41
33,8,5617164.01
33,9,5742689.93
33,10,5748138.85
33,11,5840537.3
33,12,5987209.27
33,13,6087446.11
33,14,6067820.0
33,15,6009867.35
33,16,6042644.83
33,17,6044985.9
33,18,6031603.06
33,19,6052606.54
33,20,6026465.01
33,21,6138640.09
34,0,5000000.0
34,1,5027990.64
34,2,5027327.59
34,3,5062412.38
34,4,5014903.2
34,5,5004972.98
34,6,4996730.86
34,7,4915764.69
34,8,4853383.75
34,9,4926579.55
34,10,4971780.95
34,11,5072268.81
34,12,4967668.79
34,13,5036695.57
34,14,4991654.86
34,15,5047371.79
34,16,5101749.72
34,17,5029183.76
34,18,4957834.23
34,19,4931487.01
34,20,4909047.95
34,21,4907473.96
35,0,5000000.0
35,1,4942104.18
35,2,4938429.56
35,3,4952198.57
35,4,4911159.49
35,5,4970904.01
35,6,5028277.79
35,7,5018963.04
35,8,5130715.51
35,9,5094297.3
35,10,5119751.52
35,11,5133294.1
35,12,5207330.72
35,13,5082535.68
35,14,5165039.25
35,15,5178777.4
35,16,5267914.96
35,17,5151315.14
35,18,5206574.51
35,19,5231532.79
35,20,5236473.66
35,21,5313668.9
36,0,5000000.0
36,1,4932084.37
36,2,4887311.19
36,3,4887609.65
36,4,4824530.2
36,5,4955237.11
36,6,4942832.14
36,7,4966091.55
36,8,4919679.76
36,9,4833678.35
36,10,4764811.53
36,11,4724469.38
36,12,4836412.53
36,13,4831506.01
36,14,4892702.52
36,15,5047187.4
36,16,4995430.04
36,17,4901314.77
36,18,4852043.89
36,19,4815643.25
36,20,4636893.05
36,21,4569647.66
37,0,5000000.0
37,1,4930299.59
37,2,4978015.71
37,3,4997804.64
37,4,5175223.04
37,5,5440136.67
37,6,5369862.04
37,7,5591975.78
37,8,5552780.84
37,9,5503267.29
37,10,5532358.88
37,11,5348893.42
37,12,5456185.16
37,13,5582331.67
37,14,5641783.48
37,15,5408729.99
37,16,5233370.98
37,17,5214431.23
37,18,5157518.97
37,19,5095424.8
37,20,4987879.7
37,21,5025964.84
38,0,5000000.0
38,1,5231083.56
38,2,5203125.05
38,3,5040719.39
38,4,4937392.08
38,5,4921842.47
38,6,4883150.96
38,7,4810764.24
38,8,4699732.25
38,9,4577141.29
38,10,4719309.82
38,11,4749642.92
38,12,4838223.47
38,13,4753546.6
38,14,4717804.43
38,15,4628565.13
38,16,4585045.39
38,17,4676320.41
38,18,4638115.5
38,19,4628755.89
38,20,4570884.1
38,21,4636798.27
39,0,5000000.0
39,1,4968427.13
39,2,4987134.16
39,3,5077839.21
39,4,4898153.06
39,5,5007651.14
39,6,5107946.04
39,7,5058355.24
39,8,4859372.51
39,9,4893292.68
39,10,4794512.6
39,11,4658081.64
39,12,4693879.81
39,13,4814233.41
39,14,4798189.72
39,15,4909046.1
39,16,4973910.74
39,17,4851786.59
39,18,4805490.98
39,19,4906820.53
39,20,4859262.2
39,21,4937715.82
40,0,5000000.0
40,1,4851388.39
40,2,4876187.26
40,3,4815755.32
40,4,4728778.08
40,5,4656915.95
40,6,4614641.15
40,7,4504772.44
40,8,4444434.77
40,9,4484160.3
40,10,4634478.95
40,11,4686673.89
40,12,4984788.05
40,13,4977430.98
40,14,4980094.91
40,15,5012248.42
40,16,4917974.5
40,17,5017369.75
40,18,4994850.29
40,19,4909670.97
40,20,4954791.26
40,21,4897532.29
41,0,5000000.0
41,1,4908715.91
41,2,4898211.76
41,3,4853398.39
41,4,4728810.48
41,5,4807093.8
41,6,4965802.76
41,7,4985260.17
41,8,4946528.93
41,9,5003844.5
41,10,4995232.55
41,11,4924033.08
41,12,4854873.8
41,13,4811000.61
41,14,4838906.92
41,15,4787337.03
41,16,4708557.89
41,17,4739471.59
41,18,4761273.99
41,19,4815549.48
41,20,4830107.56
41,21,4784235.14
42,0,5000000.0
42,1,5068338.27
42,2,5008296.46
42,3,4902974.58
42,4,5022891.39
42,5,5076370.98
42,6,5045994.01
42,7,5137198.99
42,8,5164246.15
42,9,5343405.26
42,10,5414012.71
42,11,5279441.05
42,12,5218874.95
42,13,5163606.87
42,14,5197361.07
42,15,5171880.24
42,16,5068078.75
42,17,5127869.48
42,18,5228275.29
42,19,5222153.39
42,20,5246489.08
42,21,5156524.43
43,0,5000000.0
43,1,4792268.22
43,2,4882244.84
43,3,4826830.98
43,4,4866117.65
43,5,4892216.76
43,6,5029013.34
43,7,4995411.89
43,8,4800869.46
43,9,4683263.9
43,10,4547548.16
43,11,4482539.77
43,12,4552365.35
43,13,4468755.23
43,14,4474464.52
43,15,4563478.27
43,16,4452979.88
43,17,4547361.83
43,18,4551785.85
43,19,4453616.31
43,20,4410766.16
43,21,4267843.5
44,0,5000000.0
44,1,4934086.0
44,2,4919586.6
44,3,4833423.05
44,4,4889058.8
44,5,5017521.33
44,6,5100676.22
44,7,5202925.36
44,8,5074558.86
44,9,5055371.79
44,10,5103417.45
44,11,5190851.47
44,12,5367343.5
44,13,5479475.27
44,14,5575981.53
44,15,5860974.77
44,16,5875878.1
44,17,5848644.2
44,18,5872383.62
44,19,5777339.29
44,20,5788934.05
44,21,5609685.79
45,0,5000000.0
45,1,4873481.23
45,2,4759743.63
45,3,4748013.25
45,4,4623032.69
45,5,4629779.31
45,6,4614315.47
45,7,4506250.84
45,8,4491847.27
45,9,4508466.74
45,10,4462227.09
45,11,4430811.94
45,12,4531785.5
45,13,4551103.91
45,14,4464122.62
45,15,4315716.91
45,16,4522698.51
45,17,4611722.97
45,18,4683247.39
45,19,4710959.93
45,20,4500452.1
45,21,4534961.65
46,0,5000000.0
46,1,4921817.5
46,2,4845540.71
46,3,4834101.1
46,4,4775317.76
46,5,4684695.64
46,6,4743732.38
46,7,4732952.55
46,8,4856971.98
46,9,4956010.66
46,10,5053876.82
46,11,5334352.46
46,12,5375392.75
46,13,5442202.73
46,14,5381367.98
46,15,5319384.09
46,16,5294310.04
46,17,5248336.63
46,18,5177941.2
46,19,5242965.08
46,20,5147817.29
46,21,5008087.54
47,0,5000000.0
47,1,5039362.5
47,2,4982657.0
47,3,5145599.58
47,4,5314913.43
47,5,5248757.65
47,6,5346528.9
47,7,5201517.27
47,8,5244732.37
47,9,5219411.72
47,10,5281904.23
47,11,5316966.68
47,12,5375005.45
47,13,5264455.74
47,14,5334833.85
47,15,5361146.23
47,16,5615284.31
47,17,5559622.46
47,18,5482475.11
47,19,5554578.26
47,20,5610456.98
47,21,5492086.62
48,0,5000000.0
48,1,5099382.57
48,2,5169102.07
48,3,5215498.92
48,4,5350843.85
48,5,5322277.6
48,6,5219920.26
48,7,5389287.05
48,8,5278555.06
48,9,5401669.92
48,10,5417778.7
48,11,5501719.3
48,12,5387147.33
48,13,5322608.02
48,14,5398216.53
48,15,5451199.01
48,16,5375095.97
48,17,5377481.61
48,18,5263273.6
48,19,5188855.22
48,20,5128882.36
48,21,4987053.73
49,0,5000000.0
49,1,5057264.19
49,2,4973384.88
49,3,4811590.13
49,4,4819749.47
49,5,4821099.12
49,6,4791565.72
49,7,4820584.17
49,8,4925294.31
49,9,4931335.7
49,10,4906616.7
49,11,4980320.78
49,12,4942118.54
49,13,5058121.15
49,14,4946083.41
49,15,5070314.71
49,16,5055705.04
49,17,4979120.36
49,18,5040700.12
49,19,5019043.05
49,20,5073603.7
49,21,4985281.84
50,0,5000000.0
50,1,5009542.4
50,2,5152705.37
50,3,5032947.96
50,4,4857586.52
50,5,4901674.54
50,6,4886267.17
50,7,4787498.2
50,8,4806452.73
50,9,4842726.97
50,10,4926434.89
50,11,4829750.05
50,12,4796604.69
50,13,4827020.63
50,14,4931488.38
50,15,5019601.23
50,16,4977384.51
50,17,5029543.35
50,18,4984666.34
50,19,4950139.99
50,20,4925115.35
50,21,4870084.75
51,0,5000000.0
51,1,5012353.74
51,2,4927952.57
51,3,5064209.48
51,4,5192158.73
51,5,5295644.86
51,6,5301687.17
51,7,5278871.43
51,8,5291476.12
51,9,5344501.06
51,10,5300466.91
51,11,5338671.02
51,12,5226508.36
51,13,5331040.74
51,14,5243446.22
51,15,5296867.98
51,16,5415987.45
51,17,5315259.94
51,18,5419148.12
51,19,5370112.52
51,20,5334424.97
51,21,5407591.43
52,0,5000000.0
52,1,5067422.8
52,2,5101438.44
52,3,5111628.42
52,4,4882806.82
52,5,4889296.76
52,6,4830634.78
52,7,4776399.19
52,8,4777890.69
52,9,4889320.12
52,10,5063702.32
52,11,5182419.29
52,12,5173523.84
52,13,5336071.85
52,14,5489487.14
52,15,5501053.45
52,16,5318221.52
52,17,5238340.86
52,18,5033799.67
52,19,4993639.3
52,20,5004117.77
52,21,4850731.06
53,0,5000000.0
53,1,5054053.72
53,2,4966605.75
53,3,4999299.44
53,4,5205990.81
53,5,5361192.03
53,6,5314137.06
53,7,5247960.71
53,8,5261687.76
53,9,5249378.6
53,10,5372121.17
53,11,5450767.6
53,12,5285399.97
53,13,5334761.8
53,14,5320934.53
53,15,5328579.67
53,16,5357353.92
53,17,5482518.12
53,18,5587541.86
53,19,5514077.14
53,20,5512153.4
53,21,5470316.74
54,0,5000000.0
54,1,5093109.48
54,2,5219352.22
54,3,5320694.11
54,4,5405720.5
54,5,5302378.29
54,6,5554411.16
54,7,5690759.77
54,8,5666678.38
54,9,5739415.41
54,10,5909764.7
54,11,5955658.15
54,12,5912326.29
54,13,5916586.99
54,14,6127768.62
54,15,5985267.75
54,16,5963390.32
54,17,6074806.33
54,18,5828434.05
54,19,5923379.65
54,20,5959011.43
54,21,5916098.5
55,0,5000000.0
55,1,5113786.97
55,2,5149643.08
55,3,5148397.69
55,4,5096973.81
55,5,5121644.96
55,6,5235985.11
55,7,5346890.98
55,8,5296284.76
55,9,5288961.32
55,10,5176141.45
55,11,5284864.44
55,12,5340178.2
55,13,5316896.4
55,14,5279222.24
55,15,5188491.51
55,16,5200332.72
55,17,5351408.35
55,18,5277804.06
55,19,5147967.38
55,20,5163252.02
55,21,5282342.09
56,0,5000000.0
56,1,4990450.21
56,2,4967090.22
56,3,4963485.56
56,4,4956510.52
56,5,4933699.2
56,6,4846681.7
56,7,4840580.35
56,8,4835995.2
56,9,4819374.01
56,10,4830146.07
56,11,4869353.39
56,12,4892585.45
56,13,4799249.78
56,14,4834759.32
56,15,4773759.91
56,16,4726673.37
56,17,4678724.78
56,18,4694949.72
56,19,4747832.0
56,20,4614458.85
56,21,4849645.86
57,0,5000000.0
57,1,4928380.17
57,2,4934531.98
57,3,4810759.2
57,4,4984470.78
57,5,5107240.38
57,6,5074610.28
57,7,4953217.19
57,8,4977177.26
57,9,5079310.85
57,10,5111915.42
57,11,5081919.0
57,12,4893597.06
57,13,4890991.25
57,14,4853817.06
57,15,4807989.92
57,16,4667146.79
57,17,4705096.24
57,18,4861075.18
57,19,4865820.45
57,20,4900556.29
57,21,4788797.03
58,0,5000000.0
58,1,5033627.01
58,2,5074791.72
58,3,5173490.36
58,4,5201696.15
58,5,5076019.37
58,6,5271136.05
58,7,5138267.75
58,8,5144498.08
58,9,5223625.08
58,10,5323867.09
58,11,5331497.42
58,12,5442250.65
58,13,5223790.25
58,14,5152962.27
58,15,4999166.13
58,16,4993516.32
58,17,5062144.43
58,18,5007698.1
58,19,5056862.56
58,20,5192354.3
58,21,5283789.04
59,0,5000000.0
59,1,4880094.01
59,2,4882495.09
59,3,4751942.69
59,4,4775054.84
59,5,4639418.83
59,6,4705824.84
59,7,4731280.87
59,8,4602185.84
59,9,4644890.94
59,10,4637919.39
59,11,4739987.72
59,12,4731476.22
59,13,4589050.0
59,14,4554163.36
59,15,4540586.31
59,16,4498676.78
59,17,4545797.75
59,18,4636315.14
59,19,4680847.62
59,20,4595454.81
59,21,4628809.36
60,0,5000000.0
60,1,5005716.92
60,2,5203568.96
60,3,5199276.83
60,4,5437914.16
60,5,5401225.72
60,6,5409624.16
60,7,5617575.18
60,8,5617950.96
60,9,5452450.11
60,10,5452680.64
60,11,5516594.06
60,12,5623588.41
60,13,5398638.63
60,14,5383344.02
60,15,5405578.03
60,16,5462448.04
60,17,5586379.41
60,18,5648040.27
60,19,5624629.84
60,20,5676375.74
60,21,5811019.22
61,0,5000000.0
61,1,4885013.8
61,2,4765212.94
61,3,4832507.06
61,4,4882231.49
61,5,5053358.45
61,6,4924971.91
61,7,4971489.13
61,8,5056325.02
61,9,5089477.53
61,10,5077390.77
61,11,5052313.78
61,12,5027307.97
61,13,5054875.35
61,14,5172999.37
61,15,5057301.27
61,16,5026022.63
61,17,5173126.19
61,18,5053992.83
61,19,5099944.44
61,20,4853059.14
61,21,4813450.74
62,0,5000000.0
62,1,4971367.84
62,2,4991013.64
62,3,4930089.8
62,4,4918814.12
62,5,4851852.63
62,6,4908258.67
62,7,4988040.91
62,8,5038936.25
62,9,5121504.45
62,10,4962233.84
62,11,4971027.5
62,12,5027509.44
62,13,5034237.49
62,14,4976038.06
62,15,5145179.45
62,16,5235362.21
62,17,5200172.17
62,18,5297934.94
62,19,5192818.59
62,20,5208364.92
62,21,5050494.34
63,0,5000000.0
63,1,5140719.1
63,2,5258658.99
63,3,5381773.14
63,4,5395791.07
63,5,5366669.09
63,6,5279895.38
63,7,5256180.2
63,8,5158490.04
63,9,5028229.23
63,10,5031371.09
63,11,5030725.29
63,12,5220448.28
63,13,5004794.42
63,14,5129410.47
63,15,5222390.71
63,16,5205278.31
63,17,5287166.81
63,18,5448193.27
63,19,5346856.42
63,20,5243967.92
63,21,5311087.46
64,0,5000000.0
64,1,4929463.18
64,2,4994849.47
64,3,4894973.14
64,4,4916157.84
64,5,4966398.36
64,6,4934167.29
64,7,5153904.23
64,8,5182989.81
64,9,5144286.31
64,10,4936968.55
64,11,4998802.58
64,12,5087742.03
64,13,4951340.12
64,14,5024137.47
64,15,4866252.22
64,16,4863966.87
64,17,4793905.28
64,18,4976680.95
64,19,5078897.87
64,20,5057225.48
64,21,4876696.88
65,0,5000000.0
65,1,4947662.57
65,2,4995758.32
65,3,5011282.12
65,4,5005694.74
65,5,4964786.92
65,6,4894664.98
65,7,4789005.45
65,8,4791095.08
65,9,4812225.14
65,10,4774177.38
65,11,4870766.05
65,12,4876343.75
65,13,4895105.82
65,14,4913531.19
65,15,4890807.86
65,16,4857741.53
65,17,4803733.19
65,18,4813553.01
65,19,4804962.56
65,20,4772988.58
65,21,4699746.82
66,0,5000000.0
66,1,4899498.27
66,2,4968338.9
66,3,4957407.01
66,4,4808336.66
66,5,4740930.79
66,6,4730840.84
66,7,4822418.28
66,8,4775902.61
66,9,4967947.67
66,10,4971088.27
66,11,4825852.98
66,12,4708948.79
66,13,4687989.5
66,14,4826843.12
66,15,4944270.05
66,16,5040293.79
66,17,4889488.97
66,18,4794493.89
66,19,4921622.16
66,20,4881512.47
66,21,4922117.51
67,0,5000000.0
67,1,4880579.9
67,2,4992078.08
67,3,5072415.45
67,4,5110117.35
67,5,5234401.9
67,6,5421344.41
67,7,5430859.7
67,8,5483386.48
67,9,5613701.55
67,10,5608540.25
67,11,5650095.66
67,12,5588764.77
67,13,5662536.25
67,14,5775981.96
67,15,5766306.09
67,16,5790932.67
67,17,5991644.33
67,18,6058356.29
67,19,5955873.33
67,20,5942740.61
67,21,5865152.36
68,0,5000000.0
68,1,4907883.05
68,2,4877580.51
68,3,4918903.01
68,4,4968984.03
68,5,5007752.23
68,6,4915689.07
68,7,4914013.78
68,8,4802441.57
68,9,4771299.26
68,10,4730731.21
68,11,4812075.0
68,12,4833810.7
68,13,4815845.75
68,14,4746024.85
68,15,4732298.55
68,16,4830017.04
68,17,4787904.3
68,18,4793874.6
68,19,4877324.64
68,20,4869256.95
68,21,5175156.37
69,0,5000000.0
69,1,4880221.99
69,2,4954462.39
69,3,4786187.49
69,4,4809192.22
69,5,4956206.43
69,6,5005292.15
69,7,5024977.59
69,8,4976442.3
69,9,4983029.32
69,10,4963356.14
69,11,4894790.21
69,12,4872029.29
69,13,4893722.54
69,14,4827806.91
69,15,4759311.34
69,16,4643577.01
69,17,4681010.37
69,18,4732366.89
69,19,4756388.68
69,20,4846361.89
69,21,4857920.61
70,0,5000000.0
70,1,4998371.09
70,2,4961559.41
70,3,5154925.62
70,4,5266676.95
70,5,5318415.23
70,6,5363526.14
70,7,5499958.42
70,8,5625322.73
70,9,5546647.23
70,10,5316705.75
70,11,5351703.12
70,12,5345856.87
70,13,5416283.29
70,14,5586088.95
70,15,5566350.67
70,16,5368371.61
70,17,5391420.54
70,18,5411542.49
70,19,5430497.83
70,20,5516970.39
70,21,5352663.71
71,0,5000000.0
71,1,5030938.36
71,2,5070014.38
71,3,5075759.04
71,4,5198604.35
71,5,5204593.33
71,6,5164778.39
71,7,5078003.22
71,8,5211303.12
71,9,5233423.9
71,10,5197187.19
71,11,5267758.7
71,12,5501704.43
71,13,5301723.11
71,14,5329754.22
71,15,5470055.94
71,16,5628459.71
71,17,5601131.61
71,18,5631017.25
71,19,5521968.39
71,20,5472079.48
71,21,5474093.81
72,0,5000000.0
72,1,5054169.33
72,2,4961323.85
72,3,4986844.01
72,4,4859820.23
72,5,4904077.79
72,6,4834471.53
72,7,4723739.92
72,8,4790591.96
72,9,4815805.7
72,10,4764533.28
72,11,4898851.86
72,12,4862383.44
72,13,4868915.76
72,14,4897030.91
72,15,4844379.81
72,16,4890759.01
72,17,4845958.78
72,18,4812486.82
72,19,4939995.76
72,20,4848680.07
72,21,4638837.73
73,0,5000000.0
73,1,5150881.4
73,2,5217060.27
73,3,5191855.45
73,4,5163590.41
73,5,5120256.77
73,6,4958763.84
73,7,5000060.07
73,8,4949665.0
73,9,4991388.9
73,10,5002672.9
73,11,4932973.64
73,12,5031685.24
73,13,5195725.44
73,14,5108809.26
73,15,5053146.92
73,16,5111700.15
73,17,5090879.7
73,18,5091091.44
73,19,5120383.68
73,20,5136563.29
73,21,5189516.91
74,0,5000000.0
74,1,5002384.99
74,2,5077814.7
74,3,5060854.65
74,4,4961010.68
74,5,4988258.04
74,6,5097845.46
74,7,5148378.25
74,8,5055489.06
74,9,5101295.59
74,10,5100898.61
74,11,4986772.93
74,12,4972731.31
74,13,4887351.3
74,14,4940879.98
74,15,5053716.26
74,16,5030039.1
74,17,5022266.02
74,18,5000841.39
74,19,4985609.89
74,20,4860934.7
74,21,4829195.13
75,0,5000000.0
75,1,4875861.24
75,2,4722609.49
75,3,4654072.87
75,4,4472874.18
75,5,4381288.57
75,6,4540106.25
75,7,4586651.7
75,8,4647598.81
75,9,4651486.93
75,10,4590787.17
75,11,4556583.86
75,12,4408256.89
75,13,4483442.85
75,14,4464075.25
75,15,4410073.45
75,16,4362855.98
75,17,4479547.07
75,18,4362793.86
75,19,4387500.02
75,20,4344042.8
75,21,4389586.8
76,0,5000000.0
76,1,5081010.85
76,2,4945721.0
76,3,4872527.87
76,4,4943326.55
76,5,5000381.85
76,6,4904644.96
76,7,4936514.94
76,8,4779428.41
76,9,4762229.85
76,10,4633879.72
76,11,4672312.68
76,12,4653056.69
76,13,4692067.88
76,14,4880669.03
76,15,4965764.02
76,16,4903633.57
76,17,4838011.82
76,18,4682267.28
76,19,4812638.65
76,20,4729277.58
76,21,4877669.28
77,0,5000000.0
77,1,5023420.61
77,2,4967411.68
77,3,4851951.53
77,4,5082483.7
77,5,5118924.97
77,6,5125657.67
77,7,5160776.21
77,8,5403523.69
77,9,5385658.83
77,10,5394552.19
77,11,5404581.0
77,12,5519738.53
77,13,5551742.04
77,14,5397411.09
77,15,5226543.55
77,16,5332329.52
77,17,5360984.87
77,18,5331791.44
77,19,5257554.41
77,20,5435665.93
77,21,5463162.13
78,0,5000000.0
78,1,5058453.92
78,2,4995851.91
78,3,5034539.34
78,4,4973456.34
78,5,5137480.45
78,6,5133429.98
78,7,5148211.01
78,8,5119959.74
78,9,5441116.3
78,10,5302788.57
78,11,5235286.93
78,12,5288560.1
78,13,5493998.89
78,14,5536678.17
78,15,5483191.13
78,16,5759705.8
78,17,5640581.78
78,18,5451138.94
78,19,5454807.88
78,20,5463915.14
78,21,5585691.42
79,0,5000000.0
79,1,4890496.89
79,2,4827517.15
79,3,4755005.43
79,4,4860740.88
79,5,4957522.6
79,6,5080119.69
79,7,5009895.29
79,8,5141384.28
79,9,5069507.48
79,10,5002392.59
79,11,4941319.26
79,12,4884306.84
79,13,4879674.59
79,14,4807536.96
79,15,4831917.89
79,16,4605884.98
79,17,4628961.4
79,18,4539238.25
79,19,4486271.48
79,20,4435919.3
79,21,4517976.95
80,0,5000000.0
80,1,5060293.02
80,2,5175745.5
80,3,5262234.48
80,4,5364924.8
80,5,5270525.56
80,6,5385033.15
80,7,5427652.4
80,8,5302549.31
80,9,5414382.8
80,10,5330888.21
80,11,5233643.69
80,12,5391233.22
80,13,5420240.88
80,14,5320678.1
80,15,5272337.6
80,16,5382216.37
80,17,5267787.96
80,18,5258614.08
80,19,5249399.4
80,20,5527692.11
80,21,5384299.35
81,0,5000000.0
81,1,5106537.76
81,2,5116591.25
81,3,5274489.67
81,4,5209778.47
81,5,5207578.25
81,6,5263302.12
81,7,5240034.94
81,8,5331528.61
81,9,5338359.46
81,10,5179952.11
81,11,5061600.77
81,12,5152474.73
81,13,5064540.02
81,14,5072904.06
81,15,5033209.99
81,16,5082573.74
81,17,5082134.64
81,18,5003142.76
81,19,4869964.8
81,20,4950343.4
81,21,4934829.5
82,0,5000000.0
82,1,5065265.45
82,2,5001051.92
82,3,5009731.44
82,4,5143412.75
82,5,5195409.76
82,6,5258204.18
82,7,5131417.31
82,8,5143252.42
82,9,5252650.07
82,10,5115039.06
82,11,5252551.85
82,12,5050836.35
82,13,5076986.49
82,14,5032593.85
82,15,5160704.96
82,16,5259337.86
82,17,5108200.26
82,18,5180758.6
82,19,5241480.21
82,20,5145693.02
82,21,5267618.62
83,0,5000000.0
83,1,5056200.04
83,2,4988533.02
83,3,4888501.58
83,4,4854673.35
83,5,4837335.69
83,6,4870833.55
83,7,4953600.83
83,8,5100295.99
83,9,5029428.73
83,10,5030827.04
83,11,4788204.71
83,12,4712792.05
83,13,4753280.89
83,14,4825444.6
83,15,5080126.69
83,16,5063442.73
83,17,4991535.77
83,18,4983346.39
83,19,4967474.93
83,20,4874936.65
83,21,4922087.89
84,0,5000000.0
84,1,4969994.57
84,2,4859886.7
84,3,4801689.69
84,4,4756595.36
84,5,4813285.11
84,6,4958590.16
84,7,4884141.99
84,8,4901396.07
84,9,5068112.06
84,10,5055768.28
84,11,5142364.5
84,12,5021163.73
84,13,5219925.7
84,14,5160907.38
84,15,5088376.53
84,16,5266006.01
84,17,5363324.77
84,18,5287312.64
84,19,5336062.4
84,20,5397880.37
84,21,5283656.72
85,0,5000000.0
85,1,5025981.71
85,2,4996119.46
85,3,5005209.85
85,4,4961853.21
85,5,4855085.1
85,6,4662107.82
85,7,4593616.01
85,8,4566892.84
85,9,4522461.05
85,10,4522580.6
85,11,4528711.04
85,12,4463550.7
85,13,4460989.54
85,14,4465892.07
85,15,4444094.58
85,16,4504917.67
85,17,4731507.1
85,18,4807737.48
85,19,4793159.19
85,20,4713734.38
85,21,4946437.25
86,0,5000000.0
86,1,5020494.69
86,2,5084698.72
86,3,5243979.98
86,4,5228104.4
86,5,5193735.68
86,6,5147214.82
86,7,5294157.89
86,8,5366731.16
86,9,5183887.19
86,10,5003158.35
86,11,4929988.96
86,12,4954873.92
86,13,4955467.72
86,14,5006983.04
86,15,4994345.0
86,16,5129997.58
86,17,5208256.62
86,18,5219676.83
86,19,5336309.77
86,20,5178597.19
86,21,5174236.88
87,0,5000000.0
87,1,5142241.53
87,2,5256916.25
87,3,5167924.54
87,4,5217948.75
87,5,5174284.6
87,6,5283793.93
87,7,5373091.01
87,8,5504504.0
87,9,5412160.67
87,10,5281087.2
87,11,5105018.63
87,12,5370103.34
87,13,5465666.05
87,14,5598184.08
87,15,5454569.2
87,16,5523691.12
87,17,5353175.54
87,18,5402812.47
87,19,5408897.07
87,20,5382901.45
87,21,5332735.29
88,0,5000000.0
88,1,4899011.81
88,2,4825832.02
88,3,4828043.2
88,4,4827378.06
88,5,4891517.01
88,6,5051794.62
88,7,4986218.58
88,8,4991273.68
88,9,5041060.64
88,10,5056726.41
88,11,4998181.29
88,12,4935833.66
88,13,4781690.9
88,14,4752849.26
88,15,4688093.61
88,16,4682144.19
88,17,4550665.91
88,18,4670977.41
88,19,4691095.7
88,20,4671209.29
88,21,4640104.13
89,0,5000000.0
89,1,4959264.38
89,2,5082859.29
89,3,5095990.51
89,4,5008989.07
89,5,5068743.63
89,6,5038679.45
89,7,4990622.78
89,8,4987430.18
89,9,4873090.31
89,10,4920461.19
89,11,4870130.17
89,12,4696379.87
89,13,4608102.32
89,14,4948653.45
89,15,4927437.4
89,16,5037375.86
89,17,4841440.63
89,18,4833114.93
89,19,4696982.46
89,20,4601955.89
89,21,4559294.03
90,0,5000000.0
90,1,4965904.87
90,2,4957333.14
90,3,4978916.86
90,4,4833576.68
90,5,4803616.58
90,6,4827329.7
90,7,4820045.81
90,8,4671840.98
90,9,4679867.38
90,10,4682656.54
90,11,4628333.19
90,12,4555008.34
90,13,4577872.06
90,14,4593147.42
90,15,4639108.24
90,16,4828964.32
90,17,4887439.89
90,18,4828191.68
90,19,4949246.46
90,20,4932552.85
90,21,4916264.3
91,0,5000000.0
91,1,5157591.16
91,2,5364306.97
91,3,5384821.88
91,4,5655518.24
91,5,5588403.0
91,6,5463616.5
91,7,5395815.83
91,8,5377777.98
91,9,5618854.97
91,10,5593636.12
91,11,5508790.3
91,12,5421307.78
91,13,5541896.67
91,14,5650112.7
91,15,5603366.54
91,16,5414807.16
91,17,5306000.78
91,18,5483124.34
91,19,5558130.78
91,20,5569060.02
91,21,5770823.4
92,0,5000000.0
92,1,4789522.06
92,2,4743465.44
92,3,4703852.9
92,4,4600441.89
92,5,4482960.82
92,6,4571618.67
92,7,4724169.87
92,8,4753892.66
92,9,4775876.07
92,10,4597748.86
92,11,4551756.56
92,12,4553445.73
92,13,4704067.69
92,14,4741082.38
92,15,4686771.09
92,16,4796055.37
92,17,4998305.94
92,18,4989403.8
92,19,4968126.3
92,20,5021426.46
92,21,5000616.68
93,0,5000000.0
93,1,5097649.0
93,2,4969865.53
93,3,5064088.12
93,4,5001020.44
93,5,5125194.19
93,6,5226650.31
93,7,5323097.73
93,8,5287982.66
93,9,5378206.53
93,10,5278036.89
93,11,5211068.41
93,12,5230691.67
93,13,5290950.82
93,14,5093887.99
93,15,5122007.41
93,16,5108380.9
93,17,5091108.76
93,18,5026411.77
93,19,5117642.07
93,20,4999784.15
93,21,5129616.92
94,0,5000000.0
94,1,4942252.12
94,2,5002466.35
94,3,5142644.27
94,4,5024612.11
94,5,4956276.17
94,6,5045252.71
94,7,4991069.92
94,8,4763019.69
94,9,4632556.02
94,10,4748485.78
94,11,4833336.14
94,12,4759567.96
94,13,4673743.4
94,14,4742992.03
94,15,4599398.84
94,16,4699723.83
94,17,4712826.66
94,18,4654509.52
94,19,4722926.7
94,20,4719956.3
94,21,4659396.29
95,0,5000000.0
95,1,5008017.46
95,2,5006190.26
95,3,4900821.63
95,4,5006605.93
95,5,4787926.79
95,6,4712140.42
95,7,4831977.98
95,8,4943545.28
95,9,4971321.99
95,10,5029389.69
95,11,4930597.88
95,12,4819295.62
95,13,4668175.81
95,14,4705466.96
95,15,4841853.62
95,16,4846170.37
95,17,4839165.02
95,18,4845384.79
95,19,4931007.75
95,20,5056823.11
95,21,4867087.61
96,0,5000000.0
96,1,5088732.6
96,2,4901815.48
96,3,4883261.34
96,4,4957548.83
96,5,4975181.09
96,6,5044119.83
96,7,5149824.68
96,8,5062415.17
96,9,5065989.58
96,10,5063984.41
96,11,5057972.88
96,12,5124935.94
96,13,5189907.12
96,14,5291386.75
96,15,5197630.9
96,16,5231212.8
96,17,5130380.38
96,18,5174030.22
96,19,5336874.86
96,20,5492608.38
96,21,5364637.12
97,0,5000000.0
97,1,4996155.53
97,2,5133572.33
97,3,5224509.96
97,4,5245207.49
97,5,5201343.07
97,6,5153860.8
97,7,5024882.09
97,8,4994435.43
97,9,5141655.68
97,10,5122233.26
97,11,5244093.17
97,12,5204129.58
97,13,5360932.05
97,14,5388881.15
97,15,5387812.04
97,16,5452495.54
97,17,5571835.84
97,18,5617081.2
97,19,5591751.78
97,20,5317308.29
97,21,5221366.45
98,0,5000000.0
98,1,4948917.6
98,2,4970043.63
98,3,4815043.77
98,4,4895928.29
98,5,4755442.06
98,6,4624302.41
98,7,4642570.16
98,8,4509120.17
98,9,4498510.05
98,10,4387228.85
98,11,4469343.42
98,12,4540261.8
98,13,4471945.04
98,14,4531245.23
98,15,4469360.29
98,16,4539840.93
98,17,4553003.91
98,18,4663831.08
98,19,4610331.23
98,20,4604595.31
98,21,4642942.72
99,0,5000000.0
99,1,4926556.67
99,2,5089113.71
99,3,5207517.86
99,4,5357957.48
99,5,5314841.13
99,6,5320181.0
99,7,5367636.81
99,8,5278078.0
99,9,5180831.77
99,10,5134336.19
99,11,5287914.98
99,12,5307707.79
99,13,5264702.06
99,14,5267234.28
99,15,5182651.33
99,16,4945117.35
99,17,5123696.72
99,18,5138737.2
99,19,4998402.48
99,20,4916055.93
99,21,5004394.68